[ 610 ]

Collatz'o paginarum editionis Pntsclzianoe cnm paginis

lenjns editionis.

Putsch.

469 422‚1 512 494,21 2454 59,17
479 425,11 515 496,16 2455 41,5
471 424‚18 514 498‚16 2456 7,12
472 426‚7 515 500,21 2457 8,pen.
473 428,7 516 592,15 2458 10‚9
474 43025 517 504,14 2459 lIaanss
475 431,antep. 518 506,8 2460 13,12
476 433 pen. 519 508,4 2461 14,ust.
477 435,14 520 510,2 2462 16‚11
478 436,1 521 511,16 2463 17‚4.abinh
479 438,18 522 513,10 2464 ι9,10
480 440,11 523 514,6abin1. 2465 20,20
481 442,9 524 516,11 2466 22,1
482 444,6 525 518,1 2467 25,14
483 446,2 526 519,16 2468 25,4
484 447,18 527 521,4 2469 26,12
485 449,9 528 522,18 2470 28,2
486 451,3 1319 410,1 2471 29,11
487 452,15 1320 410,4.abinm 2472 3ῐ,7
488 454,5 1521 411,25 2475 55,7
489 456,2 1322 412,ann 2474 34,63ὗίηι
499 457,14 1525 414,5 2475 56,19
491 459,1 ¹324 415‚5 2476 38‚7.42‚c.7.
492 460,10 1325 416,10 2477 43,13
493 461,6 abinm 1326 417,12 2478 44,21
494 463,5 1327 418,10 2480 46,8
495 464‚pen. 1328 419‚16 2481 47‚18
496 466‚13 1329 420‚ann 24818ς 49,8
497 468,15 1559 421,5 2482 59,15
498 470‚9 1815 363,1 2483 51,20
499 472,6 1817 565,11 2484 55,1
599 475,7 1818 565,17 2485 54,8
501 475‚antep. 1819 367,5 2486 55,ι3
502 477,8 1820 368,14 2487 56,23
595 479›1 1821 569,25 2488 58,5
504 480,15 1822 371,4 2489 59,16
505 482,5 1823 372,15 2490 61,3
506 483‚pen. 1824 374,6 2491 62,12
507 485,10 1825 375,6 abiam 2492 63,22
508 486,pen. 1826 377,12493 64,ann
509 488,17 2451 1,16 2494 66,5
519 499,15 2452 5,19 2495 67,17

511 492,18 2453 4,21.38μι6. 2496 68,anoep.

