612

Putsch.

2647
2648
2649
2650
2651
2652
2655
2654
2655
2656
2657
2658
2659
2660
2661
2662
2663
2664
2665
2666
2667
2668
2669
2670
2671
2672

Collatio paginarum editionis Putsckianae ᾂε.

276,19
278,8
279219
281,2
282,14
283,20

284, ult.
286,ss
287,19
289,1
290,12
291,23
29324
294,21
296,12
297‚ann
298,6 abinL
300,9
302,4 abinL
304‚13
305,22
306‚6 abinm
30823
309>9
310,14
310‚pen.

2671* 312,1
2672* 312,12

2673

3132ss

2674
2675
2676
2677
2678
2679
2680
2681
2682
2683
2684
2685
2686
2687
2688
2689
2690
2691
2692
2693
2694
2695
2696
2697
2698
2699
2700
2701
2702

314,16
316,3
317,7 abin»
319215
320,ann
322‚13
323‚6abinL
325, ¹4
326‚ann
328,18
330,6
331,20
333>Ῑ
334,11
335217
33725
338,18
340›2
341,11
342,2
344‚16
345‚1ssn
347> Ι9
34917
350‚13
352‚¹
35329
354219
356, 9

2703 357,4.ᾶὴίηι
2704 359221
2705 361‚12
2706 362,4
2705* 378,1
2706* 378,12

2707 37925

2708 380,23
2709 382,4

2710 383,10
2711 384,14
2712 385,ust.
2713 387,15
2714 389‚6

2715 390,10
2716 391›4-abinh
2717 39329

2718 394‚21
2719 39627

2720 397,16
2721 398‚5abim.
2722 400,9

2723 401,18
2724 402,19
2723* 404,1

2724* 404,10
2726 405,18
2727 407‚7
2728 408,8

