Putsch.

2497 70,10
2498 71‚17
2499 72‚ann
2500 74,12
2501 76,1
2502 7729
2503 78,5 abinL
2504 80,7
2505 81,20
2506 83,3
2507 84,12
2508 85,20
2509 87,6
2510 88,11
2511 89,5,3ὺίηι
2512 90‚pen.
2513 92,1
2514 93,6
2515 94,8
2516 95,16
2517 96,24
2518 97‚uh.
2519 99‚10
2520 100,19
2521 101,25
2522 103,4
2523 104,11
2524 105,19
2525 106,25
2526 108,2
2527 109,11
2528 110,22
2529 112,6
2530 113,16
2531 114‚ann
2532 115‚ust.
2533 117,8
2534 118,16
2536 119,26
2537 ¹2¹23
2537* 122,8
2538 123,16
2539 124,21
2540 125,1Λμ
2541 Ῑ27’5
2542 128,12
2543 129‚uh.
2544 131,11
2545 132,22
2546 133,ann

Collatio paginarum editionis Putschianae ᾂε.

2547
2548
2549
2550
2551
2552
2553
2554
2555
2556
2557
2558
2559
2560
2561
2562
2563

136,1
¹37‚9
138,11
139,22
140‚pen.
142,11
143,20
Ι44,24
145,ρωι
147,8
148,18
149,pen.
151‚10
152‚24
15425
Ι55Ἰ4
Ι57τ5
158,25
160,6
161,16
162,5 abinL

Ι64,9

2569 165,16
2570 166,24
2571 168,1
2572 169,8
2573 I70›17
2574 171‚6 abinm
2575 ¹73sl2
2576 174,22
2577 176‚1
2578 177,18
2579 179’4
2580 180,18
2581 182,9
2582 183,14
2583 184,20
584 186,8
2585 187,5 abim
2586 189,8
587 190‚ann
2588 191,19
589 193,8 abin).
259Ο Ι95,6
2591 196,21
2592 198,4
2593 Ι9916
2594 200,pen.
2595 202ι7
2596 203,17

4 12

2597
2598
2599
2600
2601
2602
2603
2603*
2604
2604*
2605
2606
2609
2610
2611
2612
2613
2614
2615
2616
2617
2618
2619
2620
2621
2622
2623
2624
2625
2626
2627
2628
2629
2630
2631
2632
2633
2634
2635
2636
2637
2638
2639
2640
2641
2642
2643
2644

2645
2646

611

204,5 εὺίηι
206,7
207,5 abiam
209·9
210‚21
212,1
213,17
214,4.3ὒὶηι
216,11
217,anL
219‚5
220,11
222,1
223,6
224,14
225,υὴ.
227,6
228,15
229,1Λῖ.
231,7
232,17
233,5 ᾶῦἰηι
235,8
236,23
238,2
239,10
242,1
243‚13
244‚17
245‚4.abinu
24723
248,9
249‚24
251,2
252,20
254>3

255s13
256,5 abian

258,8
259,5 ᾓὺὶηι
261,13
262,4 abiu»
264,16
266,1
267 pen.
269‚14
270,anL
272,12
273‚4.abiuh

275›9

